   [48;5;231;38;5;231m█████████████[48;5;231;38;5;152m▄[48;5;255;38;5;75m▄[48;5;152;38;5;32m▄[48;5;153;38;5;32m▄▄▄▄▄▄▄▄▄▄▄▄▄▄▄▄▄▄▄▄▄▄▄▄▄▄▄▄▄▄▄▄▄▄▄▄▄▄▄▄▄▄▄[48;5;153m▄[48;5;152;38;5;32m▄[48;5;231;38;5;74m▄[48;5;231;38;5;255m▄[38;5;231m█████████████[49;39m[00m
   [48;5;231;38;5;231m████████████[48;5;231;38;5;153m▄[48;5;32;38;5;32m▄[48;5;75;38;5;75m▄[48;5;75m██████████████████████████████████████████████[48;5;32;38;5;75m▄[48;5;110;38;5;32m▄[48;5;231;38;5;231m█[48;5;231m▄[48;5;231m███████████[49;39m[00m
   [48;5;231;38;5;231m████████████[48;5;153;38;5;153m▄[48;5;32;38;5;32m▄[48;5;75;38;5;75m███████████████████████████████████████████████[48;5;75m▄[48;5;32;38;5;32m▄[48;5;255;38;5;255m▄[48;5;231;38;5;231m▄[38;5;231m███████████[49;39m[00m
   [48;5;231;38;5;231m████████████[48;5;153;38;5;153m█[48;5;32;38;5;32m█[48;5;75;38;5;75m████████████████████████████████████████████████[48;5;32;38;5;32m█[48;5;255;38;5;255m█[48;5;231;38;5;231m█[48;5;231;38;5;231m███████████[49;39m[00m
   [48;5;231;38;5;231m████████████[48;5;153;38;5;153m█[48;5;32;38;5;32m█[48;5;75;38;5;75m████████████████████████████████████████████████[48;5;32;38;5;32m█[48;5;255;38;5;255m█[48;5;231;38;5;231m█[48;5;231;38;5;231m███████████[49;39m[00m
   [48;5;231;38;5;231m████████████[48;5;153;38;5;153m█[48;5;32;38;5;32m█[48;5;75;38;5;75m████████████████████████████████████████████████[48;5;32;38;5;32m█[48;5;255;38;5;255m█[48;5;231;38;5;231m█[48;5;231;38;5;231m███████████[49;39m[00m
   [48;5;231;38;5;231m████████████[48;5;153;38;5;153m█[48;5;32;38;5;32m█[48;5;75;38;5;75m███████████████████████████████████[38;5;75m▄[38;5;75m████████████[48;5;32;38;5;32m█[48;5;255;38;5;255m█[48;5;231;38;5;231m█[48;5;231;38;5;231m███████████[49;39m[00m
   [48;5;231;38;5;231m████████████[48;5;153;38;5;153m█[48;5;32;38;5;32m█[48;5;75;38;5;75m████████████████████████████████[38;5;75m▄[48;5;75;38;5;67m▄[48;5;75;38;5;233m▄[48;5;32;38;5;233m▄[48;5;75;38;5;234m▄[48;5;75;38;5;24m▄[48;5;75;38;5;32m▄[48;5;75;38;5;75m▄[48;5;75;38;5;75m▄[48;5;75;38;5;75m███████[48;5;32;38;5;32m█[48;5;255;38;5;255m█[48;5;231;38;5;231m█[48;5;231;38;5;231m███████████[49;39m[00m
   [48;5;231;38;5;231m████████████[48;5;153;38;5;153m█[48;5;32;38;5;32m█[48;5;75;38;5;75m████████████████████████████████[48;5;75;38;5;75m▄[48;5;237;38;5;67m▄[48;5;24;38;5;237m▄[48;5;39;38;5;75m▄[48;5;67;38;5;75m▄[48;5;237;38;5;75m▄[48;5;237;38;5;237m▄[48;5;32;38;5;67m▄[48;5;75;38;5;67m▄[48;5;75;38;5;67m▄[48;5;75;38;5;67m▄[48;5;75;38;5;110m▄[48;5;75;38;5;110m▄[48;5;75;38;5;67m▄[48;5;75;38;5;32m▄[48;5;75;38;5;75m▄[48;5;32;38;5;32m█[48;5;255;38;5;255m█[48;5;231;38;5;231m█[48;5;231;38;5;231m███████████[49;39m[00m
   [48;5;231;38;5;231m████████████[48;5;153;38;5;153m█[48;5;32;38;5;32m█[48;5;75;38;5;75m████████████████████████████████[38;5;75m▄[48;5;75;38;5;236m▄[48;5;234;38;5;234m▄[48;5;237;38;5;234m▄[48;5;32;38;5;234m▄[48;5;60;38;5;234m▄[48;5;234;38;5;243m▄[48;5;234;38;5;237m▄[48;5;239;38;5;244m▄[48;5;231;38;5;251m▄[48;5;231;38;5;235m▄[48;5;252;38;5;233m▄[48;5;244;38;5;236m▄[48;5;239;38;5;67m▄[48;5;67;38;5;75m▄[48;5;75;38;5;75m▄[48;5;32;38;5;32m█[48;5;255;38;5;255m█[48;5;231;38;5;231m█[48;5;231;38;5;231m███████████[49;39m[00m
   [48;5;231;38;5;231m████████████[48;5;153;38;5;153m█[48;5;32;38;5;32m█[48;5;75;38;5;75m███████████████████████████████[48;5;75;38;5;75m▄[48;5;75;38;5;75m▄[48;5;235;38;5;237m▄[48;5;234;38;5;234m▄[48;5;233;38;5;239m▄[48;5;238;38;5;238m▄[48;5;234;38;5;234m█[48;5;235;38;5;234m▄[48;5;235m▄[48;5;234;38;5;236m▄[48;5;233;38;5;67m▄[48;5;238;38;5;75m▄[48;5;67;38;5;75m▄[48;5;75;38;5;75m▄[48;5;75;38;5;75m▄[48;5;75m▄[48;5;75m▄[48;5;32;38;5;32m█[48;5;255;38;5;255m█[48;5;231;38;5;231m█[48;5;231;38;5;231m███████████[49;39m[00m
   [48;5;231;38;5;231m████████████[48;5;153;38;5;153m█[48;5;32;38;5;32m█[48;5;75;38;5;75m████████████████████████████████[48;5;75;38;5;75m▄[48;5;39;38;5;67m▄[48;5;234;38;5;233m▄[48;5;238;38;5;234m▄[48;5;234;38;5;234m▄[48;5;234m███[48;5;236;38;5;236m▄[48;5;75;38;5;75m▄[48;5;75;38;5;75m██████[48;5;32;38;5;32m█[48;5;255;38;5;255m█[48;5;231;38;5;231m█[48;5;231;38;5;231m███████████[49;39m[00m
   [48;5;231;38;5;231m████████████[48;5;153;38;5;153m█[48;5;32;38;5;32m█[48;5;75;38;5;75m███████████████████████████████[48;5;75m▄[48;5;75;38;5;75m▄[48;5;237;38;5;235m▄[48;5;234;38;5;234m▄[48;5;234;38;5;234m▄[48;5;234m████[48;5;235;38;5;234m▄[48;5;67;38;5;233m▄[48;5;75;38;5;67m▄[48;5;75;38;5;32m▄[38;5;75m▄[38;5;75m███[48;5;32;38;5;32m█[48;5;255;38;5;255m█[48;5;231;38;5;231m█[48;5;231;38;5;231m███████████[49;39m[00m
   [48;5;231;38;5;231m████████████[48;5;153;38;5;153m█[48;5;32;38;5;32m█[48;5;75;38;5;75m███████████████████████████████[48;5;75;38;5;75m▄[48;5;75;38;5;67m▄[48;5;234;38;5;234m▄[48;5;234;38;5;234m███████[48;5;234m▄[48;5;234;38;5;234m▄[48;5;237;38;5;234m▄[48;5;67;38;5;235m▄[48;5;75;38;5;67m▄[48;5;75;38;5;75m▄[48;5;75;38;5;75m▄[48;5;32;38;5;32m█[48;5;255;38;5;255m█[48;5;231;38;5;231m█[48;5;231;38;5;231m███████████[49;39m[00m
   [48;5;231;38;5;231m████████████[48;5;153;38;5;153m█[48;5;32;38;5;32m█[48;5;75;38;5;75m███████████████████████████████[48;5;75;38;5;75m▄[48;5;67;38;5;67m▄[48;5;234;38;5;234m█[48;5;234;38;5;234m██████████[48;5;234m▄[48;5;233;38;5;234m▄[48;5;67;38;5;235m▄[48;5;75;38;5;67m▄[48;5;32;38;5;32m▄[48;5;255;38;5;255m▄[48;5;231;38;5;231m█[48;5;231;38;5;231m███████████[49;39m[00m
   [48;5;231;38;5;231m████████████[48;5;153;38;5;153m█[48;5;32;38;5;32m█[48;5;75;38;5;75m███████████████████████████████[48;5;75;38;5;75m▄[48;5;67;38;5;75m▄[48;5;234;38;5;234m▄[48;5;234;38;5;234m███████████[48;5;234m▄[48;5;234m▄[48;5;238;38;5;24m▄[48;5;32;38;5;32m▄[48;5;255;38;5;255m▄[48;5;231;38;5;231m█[48;5;231;38;5;231m███████████[49;39m[00m
   [48;5;231;38;5;231m████████████[48;5;153;38;5;153m█[48;5;32;38;5;32m█[48;5;75;38;5;75m███████████████████████████████[48;5;75;38;5;75m▄[48;5;75;38;5;75m▄[48;5;235;38;5;24m▄[48;5;234;38;5;234m▄[48;5;234;38;5;234m████████████[48;5;235;38;5;234m▄[48;5;32;38;5;24m▄[48;5;255;38;5;231m▄[48;5;231;38;5;231m▄[48;5;231;38;5;231m███████████[49;39m[00m
   [48;5;231;38;5;231m████████████[48;5;153;38;5;153m█[48;5;32;38;5;32m█[48;5;75;38;5;75m████████████████████████████████[48;5;75m▄[48;5;39;38;5;75m▄[48;5;234;38;5;60m▄[48;5;234;38;5;234m▄[48;5;234;38;5;234m▄[38;5;234m███████████[48;5;234;38;5;234m▄[48;5;59;38;5;234m▄[48;5;231;38;5;239m▄[38;5;253m▄[38;5;231m██████████[49;39m[00m
   [48;5;231;38;5;231m████████████[48;5;153;38;5;153m█[48;5;32;38;5;32m█[48;5;75;38;5;75m█████████████████████████████████[48;5;75;38;5;75m▄[48;5;32;38;5;75m▄[48;5;237;38;5;75m▄[48;5;234;38;5;235m▄[48;5;234;38;5;234m▄[38;5;234m▄[38;5;234m███████████[48;5;234m▄[48;5;236m▄[48;5;248;38;5;234m▄[48;5;231;38;5;242m▄[38;5;231m████████[49;39m[00m
   [48;5;231;38;5;231m████████████[48;5;153;38;5;153m█[48;5;32;38;5;32m█[48;5;75;38;5;75m█[38;5;32m▄[38;5;75m▄[38;5;75m▄▄▄▄[38;5;75m▄[38;5;75m▄[38;5;75m▄[38;5;75m▄[38;5;75m█████████████[38;5;75m▄[38;5;75m▄[38;5;75m▄▄▄▄[38;5;75m▄[38;5;75m▄[38;5;75m▄[38;5;75m▄[38;5;75m█[38;5;75m▄[48;5;75;38;5;75m▄[48;5;24;38;5;75m▄[48;5;235;38;5;67m▄[48;5;234;38;5;235m▄[48;5;234;38;5;234m▄[38;5;234m▄[38;5;234m▄[38;5;234m▄[38;5;234m█[38;5;234m▄▄▄[38;5;234m█████[48;5;234m▄[48;5;96;38;5;233m▄[48;5;254;38;5;237m▄[48;5;231;38;5;249m▄[38;5;231m█████[49;39m[00m
   [48;5;231;38;5;231m████████████[48;5;153;38;5;153m█[48;5;32;38;5;32m█[48;5;75;38;5;75m▄[48;5;75;38;5;75m▄[48;5;234;38;5;233m▄[48;5;235;38;5;234m▄[48;5;235;38;5;234m▄▄[48;5;235m▄[48;5;235m▄[48;5;238;38;5;234m▄[48;5;67;38;5;234m▄[48;5;75;38;5;24m▄[48;5;75;38;5;75m▄[38;5;75m▄[38;5;75m███████████[48;5;32;38;5;32m▄[48;5;238;38;5;238m▄[48;5;235;38;5;234m▄[48;5;235;38;5;234m▄▄[48;5;235m▄[48;5;235;38;5;234m▄[48;5;60;38;5;234m▄[48;5;32;38;5;234m▄[48;5;75;38;5;67m▄[48;5;75;38;5;75m▄[38;5;75m███[48;5;75;38;5;75m▄[48;5;60;38;5;75m▄[48;5;234;38;5;238m▄[48;5;235;38;5;60m▄[48;5;235;38;5;75m▄[48;5;234;38;5;236m▄[48;5;234;38;5;238m▄[48;5;234;38;5;75m▄[48;5;234;38;5;75m▄[48;5;234;38;5;75m▄[48;5;234;38;5;32m▄[48;5;234;38;5;145m▄[48;5;234;38;5;240m▄[38;5;237m▄[38;5;234m▄[38;5;234m▄[38;5;234m██[48;5;234m▄[48;5;247;38;5;233m▄[48;5;231;38;5;242m▄[38;5;255m▄[38;5;231m██[49;39m[00m
   [48;5;231;38;5;231m████████████[48;5;153;38;5;153m█[48;5;32;38;5;32m█[48;5;75;38;5;75m█[48;5;75;38;5;75m█[48;5;233;38;5;233m█[48;5;234;38;5;234m▄[48;5;234;38;5;234m▄[48;5;234;38;5;32m▄[48;5;234;38;5;32m▄[48;5;234;38;5;32m▄[48;5;234;38;5;238m▄[48;5;234;38;5;234m▄[48;5;234;38;5;234m▄[48;5;24;38;5;235m▄[48;5;75;38;5;75m▄[48;5;75;38;5;75m▄[38;5;75m██████████[48;5;32;38;5;32m█[48;5;238;38;5;238m█[48;5;234;38;5;234m█[48;5;234;38;5;235m▄[48;5;234;38;5;60m▄[48;5;234;38;5;32m▄[48;5;234;38;5;32m▄[48;5;234;38;5;237m▄[48;5;234;38;5;234m▄[48;5;234;38;5;234m▄[48;5;67;38;5;237m▄[48;5;75;38;5;32m▄[48;5;75;38;5;75m██[48;5;75;38;5;75m▄[48;5;75;38;5;75m▄[48;5;24;38;5;237m▄[48;5;67;38;5;32m▄[48;5;75;38;5;75m▄[48;5;237;38;5;235m▄[48;5;67;38;5;75m▄[48;5;75;38;5;75m▄[48;5;75m█[48;5;75m▄[48;5;32;38;5;32m▄[48;5;231;38;5;255m▄[48;5;231;38;5;231m▄[48;5;254;38;5;231m▄[48;5;248m▄[48;5;237;38;5;231m▄[48;5;233;38;5;247m▄[48;5;234;38;5;233m▄[48;5;234;38;5;234m▄[48;5;235;38;5;234m▄[48;5;233m▄[48;5;238m▄[48;5;252;38;5;234m▄[48;5;231;38;5;251m▄[49;39m[00m
   [48;5;231;38;5;231m████████████[48;5;153;38;5;153m█[48;5;32;38;5;32m█[48;5;75;38;5;75m█[48;5;75;38;5;75m█[48;5;233;38;5;233m█[48;5;234;38;5;234m█[48;5;233;38;5;234m▄[48;5;75;38;5;75m▄[48;5;75;38;5;75m▄[48;5;75m▄[48;5;75;38;5;32m▄[48;5;235;38;5;238m▄[48;5;234;38;5;234m▄[48;5;235;38;5;235m▄[48;5;67;38;5;60m▄[48;5;75;38;5;75m▄[48;5;75;38;5;75m██[38;5;75m▄[38;5;75m▄[38;5;75m▄[38;5;75m▄[38;5;75m▄[38;5;75m▄[38;5;75m██[48;5;32;38;5;32m█[48;5;238;38;5;238m█[48;5;234;38;5;234m█[48;5;235;38;5;235m█[48;5;67;38;5;67m▄[48;5;75;38;5;75m▄[48;5;75;38;5;75m▄[48;5;32;38;5;75m▄[48;5;236;38;5;237m▄[48;5;234;38;5;234m▄[48;5;235;38;5;235m▄[48;5;67;38;5;67m▄[48;5;75;38;5;75m██[48;5;75;38;5;75m▄[48;5;39;38;5;67m▄[48;5;235;38;5;235m▄[48;5;75;38;5;39m▄[48;5;32;38;5;67m▄[48;5;236;38;5;236m▄[48;5;75;38;5;75m▄[48;5;75;38;5;75m███[48;5;32;38;5;32m█[48;5;255;38;5;255m█[48;5;231;38;5;231m█[48;5;231;38;5;231m█████[48;5;244m▄[48;5;235;38;5;253m▄[48;5;234;38;5;245m▄[48;5;234;38;5;246m▄[48;5;237;38;5;188m▄[48;5;249;38;5;231m▄[49;39m[00m
   [48;5;231;38;5;231m████████████[48;5;153;38;5;153m█[48;5;32;38;5;32m█[48;5;75;38;5;75m█[48;5;75;38;5;75m█[48;5;233;38;5;233m█[48;5;234;38;5;234m█[48;5;233;38;5;233m█[48;5;75;38;5;75m█[48;5;75;38;5;75m██[48;5;32;38;5;32m▄[48;5;24;38;5;238m▄[48;5;234;38;5;234m▄[48;5;234;38;5;234m▄[48;5;60;38;5;60m▄[48;5;75;38;5;75m▄[48;5;75;38;5;75m▄[48;5;75;38;5;24m▄[48;5;67;38;5;234m▄[48;5;236;38;5;234m▄[48;5;236;38;5;234m▄[48;5;236;38;5;234m▄[48;5;60;38;5;234m▄[48;5;75;38;5;236m▄[48;5;75;38;5;32m▄[38;5;75m▄[48;5;32;38;5;32m█[48;5;238;38;5;238m█[48;5;234;38;5;234m█[48;5;235;38;5;235m█[48;5;67;38;5;67m█[48;5;75;38;5;75m▄[48;5;75;38;5;75m▄[48;5;75;38;5;32m▄[48;5;237;38;5;237m▄[48;5;234;38;5;234m▄[48;5;235;38;5;235m▄[48;5;67;38;5;67m▄[48;5;75;38;5;75m█[48;5;75;38;5;32m▄[48;5;67;38;5;237m▄[48;5;235;38;5;234m▄[48;5;234;38;5;234m▄[48;5;236;38;5;234m▄[48;5;235;38;5;234m▄[48;5;235;38;5;234m▄[48;5;67;38;5;237m▄[48;5;75;38;5;32m▄[48;5;75;38;5;75m█[38;5;75m▄[48;5;32;38;5;32m█[48;5;255;38;5;255m█[48;5;231;38;5;231m█[48;5;231;38;5;231m███████████[49;39m[00m
   [48;5;231;38;5;231m████████████[48;5;153;38;5;153m█[48;5;32;38;5;32m█[48;5;75;38;5;75m█[48;5;75;38;5;75m█[48;5;233;38;5;233m█[48;5;234;38;5;234m█[48;5;233;38;5;234m▄[48;5;75;38;5;67m▄[48;5;75;38;5;67m▄[48;5;75;38;5;67m▄[48;5;75;38;5;236m▄[48;5;236;38;5;234m▄[48;5;234;38;5;234m▄[48;5;235;38;5;234m▄[48;5;67;38;5;75m▄[48;5;75;38;5;75m▄[48;5;60;38;5;235m▄[48;5;234;38;5;234m▄[48;5;234;38;5;234m▄[48;5;234;38;5;237m▄[48;5;234;38;5;67m▄[48;5;234;38;5;24m▄[48;5;234;38;5;234m▄[48;5;234;38;5;234m▄[48;5;24;38;5;235m▄[48;5;32;38;5;67m▄[48;5;32;38;5;32m▄[48;5;238;38;5;238m█[48;5;234;38;5;234m█[48;5;235;38;5;234m▄[48;5;67;38;5;235m▄[48;5;75;38;5;236m▄[48;5;32;38;5;235m▄[48;5;24;38;5;234m▄[48;5;234;38;5;234m▄[48;5;234;38;5;233m▄[48;5;236;38;5;67m▄[48;5;32;38;5;75m▄[48;5;75;38;5;75m▄[48;5;60;38;5;236m▄[48;5;234;38;5;234m▄[48;5;234;38;5;234m▄[48;5;234;38;5;237m▄[48;5;234;38;5;67m▄[48;5;234;38;5;237m▄[48;5;234;38;5;234m▄[48;5;234;38;5;234m▄[48;5;67;38;5;236m▄[48;5;75;38;5;75m▄[48;5;75;38;5;75m▄[48;5;32;38;5;32m█[48;5;255;38;5;255m█[48;5;231;38;5;231m█[48;5;231;38;5;231m███████████[49;39m[00m
   [48;5;231;38;5;231m████████████[48;5;153;38;5;153m█[48;5;32;38;5;32m█[48;5;75;38;5;75m█[48;5;75;38;5;75m█[48;5;233;38;5;233m█[48;5;234;38;5;234m▄[48;5;234;38;5;234m▄[48;5;234;38;5;234m▄[48;5;234;38;5;234m▄[48;5;234;38;5;234m▄[48;5;234;38;5;234m▄[48;5;234;38;5;235m▄[48;5;234;38;5;60m▄[48;5;67;38;5;75m▄[48;5;75;38;5;75m▄[48;5;67;38;5;75m▄[48;5;235;38;5;75m▄[48;5;235m▄[48;5;235;38;5;75m▄[48;5;75;38;5;75m▄[48;5;75;38;5;75m▄[48;5;75;38;5;75m▄[48;5;235;38;5;235m▄[48;5;234;38;5;234m▄[48;5;234;38;5;234m▄[48;5;67;38;5;32m▄[48;5;32;38;5;32m▄[48;5;238;38;5;238m█[48;5;234;38;5;234m█[48;5;234;38;5;234m▄[48;5;234;38;5;237m▄[48;5;234;38;5;238m▄[38;5;237m▄[48;5;234;38;5;234m▄[48;5;234;38;5;234m▄[48;5;67;38;5;234m▄[48;5;75;38;5;67m▄[48;5;32;38;5;75m▄[48;5;75;38;5;75m▄[48;5;234;38;5;234m▄[48;5;234;38;5;234m▄[48;5;233;38;5;233m▄[48;5;32;38;5;75m▄[48;5;75;38;5;75m▄[48;5;39;38;5;39m▄[48;5;233;38;5;234m▄[48;5;235;38;5;234m▄[48;5;233;38;5;233m▄[48;5;75;38;5;75m▄[48;5;75;38;5;75m▄[48;5;32;38;5;32m█[48;5;255;38;5;255m█[48;5;231;38;5;231m█[48;5;231;38;5;231m███████████[49;39m[00m
   [48;5;231;38;5;231m████████████[48;5;153;38;5;153m█[48;5;32;38;5;32m█[48;5;75;38;5;75m█[48;5;75;38;5;75m█[48;5;233;38;5;233m█[48;5;234;38;5;234m▄[48;5;234;38;5;233m▄[48;5;67;38;5;39m▄[48;5;60;38;5;75m▄[48;5;235;38;5;236m▄[48;5;234;38;5;234m▄[48;5;236;38;5;234m▄[48;5;32;38;5;67m▄[48;5;75;38;5;75m███[38;5;75m▄[48;5;75;38;5;237m▄[48;5;67;38;5;234m▄[48;5;60;38;5;234m▄[48;5;24;38;5;234m▄[48;5;60;38;5;234m▄[48;5;235;38;5;234m▄[48;5;234m█[48;5;234;38;5;234m█[48;5;67;38;5;67m▄[48;5;32;38;5;32m█[48;5;238;38;5;238m█[48;5;234;38;5;234m█[48;5;235;38;5;235m▄[48;5;67;38;5;67m▄[48;5;75;38;5;75m▄[48;5;32;38;5;75m▄[48;5;67;38;5;32m▄[48;5;235;38;5;237m▄[48;5;234;38;5;234m▄[48;5;236;38;5;235m▄[48;5;32;38;5;67m▄[48;5;75;38;5;75m█[48;5;234;38;5;234m█[48;5;234;38;5;234m▄[48;5;233;38;5;234m▄[48;5;67;38;5;234m▄[48;5;67;38;5;234m▄[48;5;32;38;5;234m▄[48;5;234;38;5;234m▄[48;5;234;38;5;234m▄[48;5;233;38;5;233m█[48;5;75;38;5;75m█[48;5;75;38;5;75m█[48;5;32;38;5;32m█[48;5;255;38;5;255m█[48;5;231;38;5;231m█[48;5;231;38;5;231m███████████[49;39m[00m
   [48;5;231;38;5;231m████████████[48;5;153;38;5;153m█[48;5;32;38;5;32m█[48;5;75;38;5;75m█[48;5;75;38;5;75m█[48;5;233;38;5;233m█[48;5;234;38;5;234m█[48;5;233;38;5;233m█[48;5;75;38;5;75m▄[48;5;75;38;5;75m▄[48;5;60;38;5;67m▄[48;5;234;38;5;234m▄[48;5;234;38;5;234m▄[48;5;238;38;5;235m▄[48;5;32;38;5;39m▄[48;5;75;38;5;75m▄[48;5;75;38;5;75m▄[48;5;238;38;5;234m▄[48;5;234;38;5;234m▄[48;5;234;38;5;234m▄[48;5;234;38;5;67m▄[48;5;235;38;5;67m▄[48;5;235;38;5;67m▄[48;5;234;38;5;235m▄[48;5;234;38;5;234m▄[48;5;234;38;5;234m█[48;5;67;38;5;67m█[48;5;32;38;5;32m█[48;5;238;38;5;238m█[48;5;234;38;5;234m█[48;5;235;38;5;235m█[48;5;67;38;5;67m▄[48;5;75;38;5;75m█[48;5;75;38;5;75m█[48;5;75;38;5;75m▄[48;5;237;38;5;237m▄[48;5;234;38;5;234m▄[48;5;235;38;5;235m▄[48;5;67;38;5;67m▄[48;5;75;38;5;75m█[48;5;234;38;5;234m▄[48;5;234;38;5;234m▄[48;5;234;38;5;234m▄[48;5;234;38;5;67m▄[38;5;67m▄[38;5;67m▄[38;5;67m▄[48;5;234;38;5;67m▄[48;5;233;38;5;67m▄[48;5;75;38;5;75m▄[48;5;75;38;5;75m▄[48;5;32;38;5;32m█[48;5;255;38;5;255m█[48;5;231;38;5;231m█[48;5;231;38;5;231m███████████[49;39m[00m
   [48;5;231;38;5;231m████████████[48;5;153;38;5;153m█[48;5;32;38;5;32m█[48;5;75;38;5;75m█[48;5;75;38;5;75m█[48;5;233;38;5;233m█[48;5;234;38;5;234m█[48;5;233;38;5;233m█[48;5;75;38;5;75m█[48;5;75;38;5;75m▄[48;5;75;38;5;75m▄[48;5;235;38;5;67m▄[48;5;234;38;5;234m▄[48;5;234;38;5;234m▄[48;5;67;38;5;236m▄[48;5;75;38;5;75m▄[48;5;67;38;5;67m▄[48;5;234;38;5;234m█[48;5;234;38;5;234m▄[48;5;235;38;5;235m▄[48;5;75;38;5;75m▄[48;5;75;38;5;75m▄[48;5;75m▄[48;5;235;38;5;235m▄[48;5;234;38;5;234m█[48;5;234;38;5;234m█[48;5;67;38;5;67m█[48;5;32;38;5;32m█[48;5;238;38;5;238m█[48;5;234;38;5;234m█[48;5;235;38;5;235m█[48;5;67;38;5;67m▄[48;5;75;38;5;75m▄[48;5;75;38;5;75m▄[48;5;75;38;5;67m▄[48;5;237;38;5;235m▄[48;5;234;38;5;234m▄[48;5;235;38;5;235m▄[48;5;67;38;5;67m▄[48;5;75;38;5;75m▄[48;5;234;38;5;234m▄[48;5;234;38;5;234m▄[48;5;233;38;5;233m▄[48;5;32;38;5;32m▄[48;5;75;38;5;75m▄[48;5;75;38;5;75m▄[48;5;32;38;5;237m▄[48;5;75;38;5;238m▄[48;5;75;38;5;237m▄[48;5;32;38;5;75m▄[48;5;75;38;5;75m▄[48;5;32;38;5;32m█[48;5;255;38;5;255m█[48;5;231;38;5;231m█[48;5;231;38;5;231m███████████[49;39m[00m
   [48;5;231;38;5;231m████████████[48;5;153;38;5;153m█[48;5;32;38;5;32m█[48;5;75;38;5;75m█[48;5;75;38;5;75m█[48;5;233;38;5;233m█[48;5;234;38;5;234m█[48;5;233;38;5;233m█[48;5;75;38;5;75m█[48;5;75;38;5;75m█[48;5;75;38;5;75m▄[48;5;32;38;5;32m▄[48;5;234;38;5;236m▄[48;5;234;38;5;234m▄[48;5;235;38;5;234m▄[48;5;75;38;5;60m▄[48;5;67;38;5;75m▄[48;5;234;38;5;234m▄[38;5;234m█[48;5;234;38;5;234m▄[48;5;67;38;5;234m▄[48;5;75;38;5;235m▄[48;5;60;38;5;234m▄[48;5;235;38;5;234m▄[48;5;234;38;5;234m▄[48;5;234;38;5;234m▄[48;5;67;38;5;67m█[48;5;32;38;5;32m█[48;5;238;38;5;238m█[48;5;234;38;5;234m█[48;5;234;38;5;234m▄[48;5;237m▄[48;5;238;38;5;234m▄[48;5;238;38;5;234m▄[48;5;236;38;5;234m▄[48;5;234;38;5;234m▄[48;5;234;38;5;234m▄[48;5;237;38;5;67m▄[48;5;75;38;5;75m▄[48;5;75;38;5;75m▄[48;5;236;38;5;60m▄[48;5;234;38;5;234m▄[48;5;234;38;5;234m▄[48;5;237;38;5;234m▄[48;5;60;38;5;234m▄[48;5;237;38;5;234m▄[48;5;234;38;5;234m▄[48;5;234;38;5;234m▄[48;5;235;38;5;67m▄[48;5;75;38;5;75m▄[48;5;75;38;5;75m▄[48;5;32;38;5;32m█[48;5;255;38;5;255m█[48;5;231;38;5;231m█[48;5;231;38;5;231m███████████[49;39m[00m
   [48;5;231;38;5;231m████████████[48;5;153;38;5;153m█[48;5;32;38;5;32m█[48;5;75;38;5;75m▄[48;5;75;38;5;75m▄[48;5;233;38;5;60m▄[48;5;234;38;5;60m▄[48;5;233;38;5;60m▄[48;5;75;38;5;75m▄[48;5;75;38;5;75m██[38;5;75m▄[48;5;60;38;5;67m▄[48;5;234;38;5;67m▄[48;5;234;38;5;60m▄[48;5;237;38;5;67m▄[48;5;75;38;5;32m▄[48;5;24;38;5;75m▄[48;5;234;38;5;67m▄[48;5;234;38;5;24m▄[48;5;234;38;5;238m▄[48;5;234;38;5;67m▄[48;5;238;38;5;32m▄[48;5;234;38;5;67m▄[48;5;234;38;5;60m▄[48;5;234;38;5;60m▄[48;5;67;38;5;32m▄[48;5;32;38;5;32m▄[48;5;237;38;5;67m▄[48;5;234;38;5;60m▄[48;5;234;38;5;60m▄[48;5;234;38;5;60m▄[38;5;67m▄[48;5;234;38;5;67m▄[48;5;234;38;5;67m▄[48;5;235;38;5;67m▄[48;5;60;38;5;75m▄[48;5;75;38;5;75m▄[48;5;75;38;5;75m██[48;5;32;38;5;75m▄[48;5;237;38;5;32m▄[48;5;234;38;5;67m▄[48;5;234;38;5;60m▄[48;5;234;38;5;238m▄[48;5;234;38;5;60m▄[48;5;234;38;5;67m▄[48;5;237;38;5;32m▄[48;5;32;38;5;75m▄[48;5;75;38;5;75m▄[48;5;75m█[48;5;32;38;5;32m█[48;5;255;38;5;255m█[48;5;231;38;5;231m█[48;5;231;38;5;231m███████████[49;39m[00m
   [48;5;231;38;5;231m████████████[48;5;153;38;5;153m█[48;5;32;38;5;32m█[48;5;75;38;5;75m█[38;5;75m▄[48;5;75;38;5;60m▄[38;5;60m▄[38;5;67m▄[48;5;75;38;5;75m▄[38;5;32m▄[48;5;75;38;5;67m▄[48;5;75;38;5;75m▄[38;5;32m▄[48;5;75;38;5;67m▄[38;5;67m▄[38;5;67m▄[48;5;75;38;5;75m▄[48;5;75;38;5;60m▄[38;5;75m▄[48;5;75;38;5;67m▄[48;5;75;38;5;60m▄[48;5;75;38;5;67m▄[48;5;75;38;5;75m▄[48;5;75;38;5;75m▄[38;5;32m▄[38;5;67m▄[48;5;75;38;5;67m▄[38;5;32m▄[48;5;75;38;5;67m▄[38;5;67m▄[38;5;32m▄[38;5;75m▄[48;5;75m▄[38;5;32m▄[48;5;75;38;5;67m▄[48;5;75;38;5;75m▄[38;5;75m█[38;5;67m▄[38;5;67m▄[38;5;75m▄[38;5;67m▄[38;5;67m▄[38;5;67m▄[48;5;75;38;5;67m▄[48;5;75;38;5;75m▄[48;5;75;38;5;67m▄[48;5;75;38;5;75m▄[38;5;75m▄▄[38;5;75m▄[38;5;75m▄[48;5;32;38;5;32m█[48;5;255;38;5;255m█[48;5;231;38;5;231m█[48;5;231;38;5;231m███████████[49;39m[00m
   [48;5;231;38;5;231m████████████[48;5;153;38;5;153m█[48;5;32;38;5;32m█[48;5;75;38;5;75m█[48;5;75;38;5;75m▄[48;5;235;38;5;234m▄[48;5;67;38;5;237m▄[48;5;236;38;5;236m▄[48;5;75;38;5;75m▄[48;5;67;38;5;60m▄[48;5;236;38;5;67m▄[48;5;32;38;5;236m▄[48;5;67;38;5;32m▄[48;5;237;38;5;237m▄[48;5;67;38;5;75m▄[48;5;24;38;5;67m▄[48;5;32;38;5;67m▄[48;5;234;38;5;234m▄[48;5;67;38;5;67m▄[48;5;238;38;5;60m▄[48;5;67;38;5;32m▄[48;5;238;38;5;67m▄[48;5;67;38;5;67m▄[48;5;75;38;5;75m▄[48;5;67;38;5;67m▄[48;5;60;38;5;237m▄[48;5;236;38;5;234m▄[48;5;32;38;5;32m▄[48;5;24;38;5;238m▄[48;5;67;38;5;236m▄[48;5;32;38;5;32m▄[48;5;75;38;5;75m▄[48;5;75;38;5;67m▄[48;5;237;38;5;234m▄[48;5;67;38;5;24m▄[48;5;75;38;5;75m▄[48;5;75;38;5;75m▄[48;5;67;38;5;67m▄[48;5;236;38;5;234m▄[48;5;75;38;5;67m▄[48;5;24;38;5;236m▄[48;5;60;38;5;67m▄[48;5;67;38;5;67m▄[48;5;60;38;5;235m▄[48;5;75;38;5;236m▄[48;5;237;38;5;236m▄[48;5;75;38;5;75m▄[48;5;24;38;5;67m▄[48;5;60;38;5;237m▄[48;5;75;38;5;75m▄[48;5;75;38;5;75m▄[48;5;32;38;5;32m█[48;5;255;38;5;255m█[48;5;231;38;5;231m█[48;5;231;38;5;231m███████████[49;39m[00m
   [48;5;231;38;5;231m████████████[48;5;153;38;5;153m▄[48;5;32;38;5;32m▄[48;5;75;38;5;75m▄[48;5;75;38;5;75m▄[48;5;235;38;5;237m▄[48;5;67;38;5;75m▄[48;5;60;38;5;238m▄[48;5;32;38;5;67m▄[48;5;238;38;5;24m▄[48;5;67;38;5;67m▄[48;5;235;38;5;67m▄[48;5;67;38;5;67m▄[48;5;237;38;5;238m▄[48;5;75;38;5;60m▄[48;5;67;38;5;60m▄[48;5;67;38;5;75m▄[48;5;234;38;5;236m▄[48;5;67;38;5;32m▄[48;5;24;38;5;67m▄[48;5;75;38;5;60m▄[48;5;60;38;5;60m▄[48;5;67;38;5;32m▄[48;5;75;38;5;75m▄[48;5;75;38;5;32m▄[48;5;67;38;5;60m▄[48;5;67;38;5;32m▄[48;5;75;38;5;32m▄[48;5;75;38;5;24m▄[48;5;67;38;5;24m▄[48;5;67;38;5;67m▄[48;5;75;38;5;67m▄[48;5;237;38;5;67m▄[48;5;67;38;5;60m▄[48;5;60;38;5;60m▄[48;5;67;38;5;67m▄[48;5;75;38;5;75m▄[48;5;67;38;5;67m▄[48;5;67;38;5;67m▄[48;5;235;38;5;67m▄[48;5;67;38;5;67m▄[48;5;67;38;5;67m▄[48;5;67;38;5;67m▄[48;5;60;38;5;60m▄[48;5;39;38;5;75m▄[48;5;237;38;5;24m▄[48;5;75;38;5;32m▄[48;5;24;38;5;238m▄[48;5;67;38;5;60m▄[48;5;75;38;5;75m▄[48;5;75;38;5;75m▄[48;5;32;38;5;32m▄[48;5;255;38;5;255m▄[48;5;231;38;5;231m▄[48;5;231;38;5;231m███████████[49;39m[00m
   [48;5;231;38;5;231m████████████[48;5;152;38;5;231m▄[48;5;32;38;5;32m▄[48;5;75;38;5;32m▄[38;5;75m█[48;5;75m▄[48;5;75m▄[48;5;32m▄[48;5;75m█[48;5;32m▄[48;5;75m▄[48;5;75m▄[48;5;75m▄[48;5;32m▄[48;5;32m▄[48;5;32m▄[48;5;75m▄[48;5;32m▄[48;5;75m▄[48;5;75m▄[48;5;32m▄[48;5;75m▄[48;5;75m▄[48;5;75m█[48;5;75m▄[48;5;32m▄[48;5;75m▄[48;5;75m▄[48;5;75m▄[48;5;32m▄[48;5;75m▄[48;5;32m▄[48;5;75m▄[48;5;32m▄[48;5;32m▄[48;5;75m▄[48;5;75m▄[48;5;75m▄[48;5;75m▄[48;5;75m█[48;5;75m▄[48;5;75m▄[48;5;32m▄[48;5;32m▄[48;5;75m█[48;5;32m▄[48;5;75m▄[48;5;32m▄[48;5;32m▄[48;5;75m▄[48;5;75;38;5;32m▄[48;5;32;38;5;110m▄[48;5;231;38;5;231m▄[48;5;231m████████████[49;39m[00m
   [48;5;231;38;5;231m█████████████[48;5;152;38;5;231m▄[48;5;39;38;5;255m▄[48;5;32;38;5;152m▄[48;5;32;38;5;153m▄[48;5;32;38;5;153m▄▄▄▄▄▄▄▄▄▄▄▄▄▄▄▄▄▄▄▄▄▄▄▄▄▄▄▄▄▄▄▄▄▄▄▄▄▄▄▄▄[38;5;153m▄[48;5;32;38;5;153m▄[48;5;32;38;5;253m▄[48;5;74;38;5;231m▄[48;5;255;38;5;231m▄[48;5;231m█████████████[49;39m[00m
